1496343146.891173 0.305997 0.270719 15.940740 
1496343146.957839 0.332955 0.271775 15.827993 
1496343147.024506 0.192474 0.254614 15.778566 
1496343147.091173 0.423264 0.284429 16.044407 
1496343147.157840 0.335290 0.241866 14.159728 
1496343147.224506 0.194182 0.044631 3.325194 
1496343147.291173 0.307439 0.020478 1.158866 
1496343147.357839 0.423408 0.058584 2.695089 
1496343147.457839 0.977844 0.101597 1.795702 
1496343147.524506 0.971960 0.101706 1.844977 
1496343147.591173 1.377347 0.077560 -2.014391 
1496343147.691173 1.529197 0.021389 -6.319116 
1496343147.824506 1.834480 -0.075588 -14.080155 
1496343147.924506 3.468171 0.273025 -3.441213 
1496343147.991173 4.590067 0.966564 31.433462 
1496343148.057839 4.692965 0.976254 31.394571 
1496343148.124506 4.098557 0.696994 18.727739 
1496343148.191173 3.492585 0.574873 15.334842 
1496343148.224506 3.040479 0.494919 13.926756 
1496343148.291173 2.826124 0.442461 12.969393 
1496343148.357839 2.862222 0.436604 12.709620 
1496343148.424506 2.866786 0.437494 12.711356 
1496343148.491173 3.054649 0.454000 12.688273 
1496343148.591173 3.036635 0.451540 12.693625 
1496343148.691173 3.327504 0.502925 13.011767 
1496343148.724506 3.334231 0.503576 13.008512 
1496343148.857839 3.315323 0.501469 12.975938 
1496343148.957839 3.300289 0.498323 12.933216 
1496343149.057839 3.266850 0.492580 12.706418 
1496343149.157840 3.181365 0.476460 12.182145 
1496343149.224506 3.195524 0.477478 12.162120 
1496343149.357839 3.132323 0.476800 12.069714 
1496343149.457839 3.044813 0.468264 11.907976 
1496343149.557839 2.962114 0.456275 11.719943 
1496343149.657840 2.952582 0.454740 11.676706 
1496343149.757839 2.937877 0.455970 11.777623 
1496343149.824506 2.930134 0.456129 11.784439 
1496343149.924506 2.712342 0.437393 11.987917 
1496343150.057839 2.726496 0.438983 11.977781 
1496343150.157840 2.682694 0.433151 11.975317 
1496343150.291173 2.634958 0.427770 12.009885 
1496343150.391173 2.627412 0.426278 11.977791 
1496343150.457839 2.537496 0.413093 11.785509 
1496343150.591173 2.240904 0.370473 11.121658 
1496343150.691173 1.695543 0.292079 9.741156 
1496343150.824506 1.692258 0.291238 9.727324 
1496343150.924506 1.686817 0.290100 9.699241 
1496343151.057839 1.681773 0.288615 9.660281 
1496343151.157840 1.677306 0.287602 9.620276 
1496343151.257839 1.675364 0.287824 9.621632 
1496343151.324506 1.664614 0.285146 9.542652 
1496343151.357839 1.662050 0.284431 9.502723 
1496343151.457839 1.659605 0.284257 9.482324 
1496343151.591173 1.690077 0.290613 9.554596 
1496343151.657840 1.690608 0.290989 9.566283 
1496343151.724506 1.769663 0.302060 9.691360 
1496343151.857839 1.790327 0.305603 9.786201 
1496343151.957839 1.784173 0.306481 9.812355 
1496343152.091173 1.754240 0.302160 9.724811 
1496343152.191173 1.618557 0.280022 9.252148 
1496343152.324506 1.618652 0.279003 9.182246 
1496343152.424506 1.582928 0.276182 8.972171 
1496343152.557839 1.349723 0.239558 8.231013 
1496343152.657840 1.035514 0.198696 7.359819 
1496343152.791173 1.032644 0.197761 7.322071 
1496343152.857839 1.024033 0.197446 7.369612 
1496343152.957839 1.002264 0.196805 7.532770 
1496343153.091173 0.894698 0.188541 7.951908 
1496343153.191173 0.762155 0.171087 7.991729 
1496343153.324506 0.760368 0.171523 8.033073 
1496343153.424506 0.716284 0.162798 7.713563 
1496343153.557839 0.707386 0.154265 7.137571 
1496343153.657840 0.732414 0.152141 6.647590 
1496343153.791173 0.733755 0.152416 6.657999 
1496343153.891173 0.729086 0.152166 6.621790 
1496343154.024506 0.688741 0.147225 6.491172 
1496343154.124506 0.669838 0.143656 6.360609 
1496343154.191173 0.674545 0.143885 6.349499 
1496343154.257839 0.689128 0.145240 6.347606 
1496343154.357839 0.687638 0.145585 6.389590 
1496343154.457839 0.608682 0.137479 6.460737 
1496343154.524506 0.612452 0.138053 6.469448 
1496343154.624506 0.441097 0.120529 6.556355 
1496343154.757839 0.227250 0.098035 6.644752 
1496343154.891173 -0.115992 0.061193 6.801361 
1496343154.957839 -0.114198 0.061208 6.790755 
1496343155.024506 -0.110060 0.062025 6.765301 
1496343155.124506 -0.158272 0.058921 6.780997 
1496343155.257839 -0.220496 0.053155 6.759937 
1496343155.357839 -0.306033 0.046845 6.762096 
1496343155.457839 -0.296259 0.047609 6.744710 
1496343155.591173 -0.313529 0.045157 6.683685 
1496343155.691173 -0.336257 0.042373 6.638489 
1496343155.824506 -0.367581 0.034215 6.362264 
1496343155.891173 -0.390605 0.021352 5.727758 
1496343155.957839 -0.392139 0.021141 5.720243 
1496343156.024506 -0.404893 0.017939 5.611284 
1496343156.124506 -0.402334 0.017522 5.568627 
1496343156.224506 -0.396845 0.017407 5.527574 
1496343156.357839 -0.394289 0.017628 5.523880 
1496343156.457839 -0.385928 0.018400 5.516129 
1496343156.591173 -0.377333 0.021489 5.651261 
1496343156.657840 -0.362454 0.022810 5.632556 
1496343156.724506 -0.339156 0.025415 5.653541 
1496343156.824506 -0.341392 0.024982 5.642468 
1496343156.924506 -0.337196 0.025438 5.644939 
1496343157.024506 -0.325285 0.028543 5.755822 
1496343157.124506 -0.320513 0.028818 5.741069 
1496343157.257839 -0.331891 0.027635 5.740175 
1496343157.391173 -0.339989 0.026799 5.738051 
1496343157.457839 -0.323510 0.027272 5.656085 
1496343157.524506 -0.282074 0.029006 5.495696 
1496343157.591173 -0.280938 0.028998 5.485977 
1496343157.691173 -0.246786 0.031419 5.421674 
1496343157.824506 -0.231948 0.033327 5.436039 
1496343157.924506 -0.227563 0.033586 5.422642 
1496343158.057839 -0.236498 0.032433 5.398758 
1496343158.124506 -0.233363 0.032653 5.394273 
1496343158.191173 -0.174051 0.032213 4.969986 
1496343158.324506 -0.170475 0.032137 4.944696 
1496343158.424506 -0.118946 0.031451 4.505862 
1496343158.557839 -0.046998 0.031187 4.026237 
1496343158.657840 0.027353 0.027483 3.319683 
1496343158.757839 0.027708 0.027498 3.318225 
1496343158.824506 0.024242 0.025850 3.245881 
1496343158.924506 0.006163 0.020614 3.055836 
1496343158.991173 -0.014237 0.013747 2.783192 
1496343159.057839 -0.014086 0.013651 2.777754 
1496343159.157840 -0.013961 0.013913 2.789517 
1496343159.291173 -0.009427 0.014676 2.808263 
1496343159.391173 -0.008329 0.014949 2.818138 
1496343159.524506 -0.014199 0.014687 2.836972 
1496343159.591173 -0.015236 0.014714 2.845716 
1496343159.657840 -0.015756 0.013765 2.790444 
1496343159.791173 -0.019276 0.011952 2.698091 
1496343159.891173 -0.020422 0.010008 2.584167 
1496343160.024506 -0.017798 0.007915 2.430538 
1496343160.124506 -0.016953 0.007722 2.413611 
1496343160.191173 -0.017390 0.007209 2.385769 
1496343160.291173 -0.018174 0.005911 2.314435 
1496343160.391173 -0.024637 0.002241 2.141394 
1496343160.457839 -0.006806 -0.000412 1.886302 
1496343160.557839 -0.008256 -0.000747 1.875883 
1496343160.657840 -0.004051 -0.000239 1.882953 
1496343160.791173 0.001805 0.000222 1.882718 
1496343160.891173 -0.006344 -0.002778 1.766863 
1496343161.024506 -0.032930 -0.007881 1.631956 
1496343161.091173 -0.033529 -0.007791 1.640988 
1496343161.157840 -0.032960 -0.008622 1.580657 
1496343161.291173 -0.030625 -0.009894 1.482707 
1496343161.391173 -0.016179 -0.011534 1.279796 
1496343161.524506 0.004375 -0.013941 0.992831 
1496343161.624506 0.001889 -0.014433 0.978988 
1496343161.757839 -0.005983 -0.015738 0.950694 
1496343161.824506 -0.031837 -0.018871 0.923607 
1496343161.891173 -0.076218 -0.023996 0.892733 
