1498879051.626536 5.370818 5.370688 0.543374 0.001774 0.000135 0.000067 
1498879051.693203 5.370818 5.370688 0.543360 0.001832 0.000144 0.000070 
1498879051.759869 5.370820 5.370689 0.543349 0.001839 0.000153 0.000077 
1498879051.826536 5.370816 5.370691 0.543349 0.001909 0.000161 0.000088 
1498879051.926536 5.370820 5.370693 0.543344 0.002893 0.000194 0.000116 
1498879051.993203 5.370835 5.370712 0.543349 0.002904 0.000265 0.000163 
1498879052.093203 5.370878 5.370757 0.543382 0.003305 0.000365 0.000205 
1498879052.159869 5.370881 5.370759 0.543379 0.003504 0.000370 0.000207 
1498879052.226536 5.371135 5.371011 0.543400 0.003429 0.000692 0.000320 
1498879052.293203 5.371135 5.371012 0.543402 0.003608 0.000692 0.000320 
1498879052.393203 5.371242 5.371118 0.543418 0.003935 0.000756 0.000335 
1498879052.459869 5.371470 5.371347 0.543441 0.003853 0.000906 0.000387 
1498879052.559870 5.381581 5.381458 0.544484 0.007820 0.002243 0.000583 
1498879052.659869 5.388187 5.388069 0.545176 0.006745 0.002849 0.000848 
1498879052.793203 5.388209 5.388089 0.545180 0.006882 0.002954 0.000934 
1498879052.893203 5.394395 5.394275 0.545809 0.009587 0.005256 0.001698 
1498879052.959869 5.404045 5.403924 0.546792 0.013068 0.007445 0.002846 
1498879053.059870 5.430949 5.430835 0.549537 0.011396 0.011002 0.003889 
1498879053.193203 44.723244 44.722206 4.525052 0.012926 0.011334 0.004232 
1498879053.259869 44.723339 44.722309 4.525097 0.012639 0.011413 0.004495 
1498879053.359869 44.723576 44.722549 4.525096 0.012597 0.011639 0.005049 
1498879053.493203 44.724339 44.723301 4.525099 0.014073 0.012003 0.006455 
1498879053.593203 44.725300 44.724258 4.525146 0.015366 0.012281 0.007088 
1498879053.659869 44.727634 44.726589 4.525362 0.018959 0.012663 0.007907 
1498879053.793203 44.727634 44.726578 4.525298 0.019880 0.012746 0.007847 
1498879053.859869 44.729034 44.727974 4.525390 0.021591 0.013640 0.008521 
1498879053.959869 44.731670 44.730598 4.525650 0.025171 0.015492 0.009729 
1498879054.059870 44.734650 44.733597 4.526000 0.027221 0.017949 0.010812 
1498879054.159869 44.741730 44.740685 4.526740 0.032668 0.023834 0.013096 
1498879054.293203 44.741726 44.740688 4.526887 0.030734 0.023751 0.013705 
1498879054.393203 44.742588 44.741550 4.527009 0.030576 0.025346 0.015926 
1498879054.526536 44.745228 44.744198 4.527281 0.032363 0.029578 0.020161 
1498879054.626536 44.752483 44.751450 4.527905 0.040131 0.037358 0.024599 
1498879054.726536 44.752483 44.751446 4.527960 0.039840 0.037018 0.023016 
1498879054.826536 44.752853 44.751831 4.528080 0.040018 0.037005 0.022372 
1498879054.926536 44.754814 44.753792 4.528249 0.041520 0.038176 0.022114 
1498879055.026536 44.756794 44.755775 4.528466 0.042972 0.039411 0.022490 
1498879055.126536 44.761520 44.760498 4.528978 0.045817 0.041928 0.023991 
1498879055.259869 44.761528 44.760498 4.528998 0.045892 0.042241 0.021828 
1498879055.359869 44.762402 44.761364 4.529156 0.045931 0.042460 0.021657 
1498879055.426536 44.765579 44.764561 4.529476 0.045948 0.042654 0.021163 
1498879055.526536 44.770599 44.769569 4.530026 0.046177 0.043017 0.023500 
1498879055.626536 44.770603 44.769581 4.530169 0.046320 0.043162 0.024452 
1498879055.693203 44.771564 44.770535 4.530160 0.047058 0.043583 0.026200 
1498879055.759869 44.773705 44.772667 4.530271 0.047838 0.043957 0.027478 
1498879055.826536 44.777649 44.776619 4.530733 0.048763 0.044055 0.030956 
1498879055.893203 44.777657 44.776608 4.530706 0.049085 0.044168 0.032051 
1498879055.959869 44.778332 44.777294 4.530797 0.049792 0.044140 0.034151 
1498879056.026536 44.780045 44.779011 4.530851 0.049995 0.044197 0.034447 
1498879056.093203 44.784828 44.783806 4.531354 0.050506 0.044264 0.035415 
1498879056.193203 44.784836 44.783802 4.531442 0.049210 0.043832 0.033243 
1498879056.259869 44.785202 44.784187 4.531482 0.049179 0.043771 0.033447 
1498879056.326536 44.786491 44.785484 4.531589 0.049778 0.043745 0.034570 
1498879056.393203 44.789104 44.788101 4.531852 0.050768 0.044066 0.035524 
1498879056.459869 44.791927 44.790924 4.532182 0.052586 0.044486 0.037321 
1498879056.526536 44.795883 44.794888 4.532598 0.053919 0.045024 0.037646 
1498879056.593203 44.795887 44.794884 4.532595 0.053964 0.045032 0.037703 
1498879056.659869 44.795887 44.794880 4.532602 0.053995 0.045048 0.037710 
1498879056.726536 44.795876 44.794880 4.532638 0.053982 0.045027 0.037762 
1498879056.793203 44.795879 44.794880 4.532637 0.053990 0.045023 0.037788 
1498879056.893203 44.795879 44.794880 4.532657 0.053993 0.045034 0.037813 
1498879057.026536 44.795883 44.794888 4.532658 0.054005 0.045044 0.037817 
1498879057.093203 44.795891 44.794895 4.532659 0.054023 0.045083 0.037836 
1498879057.126536 44.795891 44.794888 4.532660 0.054023 0.045083 0.037838 
1498879057.193203 44.795891 44.794888 4.532659 0.054027 0.045088 0.037841 
1498879057.293203 44.795898 44.794891 4.532661 0.054042 0.045117 0.037856 
1498879057.393203 44.795895 44.794895 4.532661 0.054052 0.045139 0.037868 
1498879057.493203 44.795898 44.794895 4.532663 0.054058 0.045153 0.037874 
1498879057.559870 44.795898 44.794891 4.532663 0.054065 0.045161 0.037882 
1498879057.626536 44.795898 44.794891 4.532664 0.054066 0.045164 0.037884 
1498879057.726536 44.795895 44.794903 4.532669 0.054069 0.045175 0.037888 
1498879057.826536 44.795906 44.794907 4.532676 0.054076 0.045193 0.037913 
1498879057.926536 44.795944 44.794937 4.532690 0.054127 0.045331 0.037983 
1498879057.993203 44.795952 44.794960 4.532709 0.054184 0.045410 0.037999 
1498879058.059870 44.796101 44.795097 4.532728 0.054413 0.045976 0.038357 
1498879058.159869 44.796104 44.795101 4.532727 0.054431 0.045988 0.038349 
1498879058.259869 44.796780 44.795780 4.532794 0.055757 0.048871 0.039989 
1498879058.359869 44.798450 44.797455 4.532967 0.059935 0.055649 0.042681 
1498879058.493203 44.801628 44.800640 4.533297 0.069314 0.067041 0.044801 
1498879058.593203 44.804974 44.803978 4.533642 0.078730 0.077471 0.045964 
1498879058.693203 44.804981 44.803982 4.533638 0.078693 0.077475 0.046039 
1498879058.759869 44.805565 44.804569 4.533700 0.080693 0.079558 0.046136 
1498879058.826536 44.807175 44.806179 4.533874 0.086041 0.085113 0.046371 
1498879058.893203 44.810410 44.809418 4.534220 0.096119 0.095390 0.046580 
1498879058.959869 44.813889 44.812893 4.534580 0.105986 0.105388 0.046722 
1498879059.026536 44.813885 44.812897 4.534585 0.105980 0.105384 0.046717 
1498879059.093203 44.813889 44.812893 4.534584 0.105982 0.105387 0.046712 
1498879059.193203 44.813889 44.812901 4.534584 0.105987 0.105392 0.046709 
1498879059.293203 44.813889 44.812897 4.534583 0.105983 0.105397 0.046724 
1498879059.393203 44.813896 44.812904 4.534584 0.105986 0.105401 0.046729 
1498879059.526536 44.813915 44.812923 4.534586 0.106077 0.105506 0.046751 
1498879059.626536 44.813965 44.812973 4.534591 0.106250 0.105688 0.046773 
1498879059.759869 44.814045 44.813046 4.534588 0.106542 0.105986 0.046785 
1498879059.859869 44.814163 44.813156 4.534602 0.107009 0.106462 0.046797 
1498879059.993203 44.814159 44.813164 4.534601 0.107017 0.106477 0.046813 
1498879060.093203 44.814163 44.813164 4.534604 0.107004 0.106474 0.046833 
1498879060.159869 44.814156 44.813160 4.534602 0.107010 0.106479 0.046820 
1498879060.226536 44.814159 44.813168 4.534601 0.107000 0.106474 0.046841 
1498879060.293203 44.814167 44.813168 4.534599 0.107043 0.106517 0.046841 
1498879060.359869 44.814171 44.813179 4.534600 0.107049 0.106523 0.046847 
1498879060.493203 44.814350 44.813351 4.534618 0.108212 0.107698 0.046854 
1498879060.593203 44.814499 44.813503 4.534630 0.109154 0.108649 0.046865 
1498879060.726536 44.814495 44.813499 4.534628 0.109156 0.108651 0.046864 
1498879060.826536 44.816231 44.815228 4.534808 0.120088 0.119677 0.046977 
1498879060.926536 44.816227 44.815228 4.534811 0.120103 0.119691 0.046976 
1498879061.059870 44.816227 44.815231 4.534811 0.120112 0.119700 0.046985 
1498879061.193203 44.816223 44.815239 4.534812 0.120138 0.119723 0.046975 
1498879061.326536 44.816254 44.815266 4.534814 0.120191 0.119774 0.046986 
1498879061.459869 44.816292 44.815292 4.534819 0.120386 0.119969 0.046991 
1498879061.559870 44.816338 44.815342 4.534825 0.120705 0.120288 0.046987 
1498879061.693203 44.816574 44.815563 4.534845 0.121948 0.121541 0.047001 
1498879061.826536 44.816971 44.815971 4.534888 0.124141 0.123747 0.047032 
1498879061.959869 44.816967 44.815979 4.534892 0.124157 0.123765 0.047033 
1498879062.026536 44.818707 44.817707 4.535069 0.132460 0.132098 0.047114 
1498879062.093203 44.821941 44.820950 4.535403 0.146519 0.146130 0.047221 
1498879062.226536 44.827961 44.826954 4.536026 0.169128 0.168615 0.047324 
1498879062.293203 44.827957 44.826954 4.536026 0.169127 0.168617 0.047327 
1498879062.393203 44.829464 44.828468 4.536180 0.173606 0.173067 0.047350 
1498879062.526536 44.833466 44.832466 4.536593 0.184802 0.184199 0.047407 
1498879062.626536 44.833466 44.832474 4.536591 0.184795 0.184192 0.047414 
1498879062.759869 44.834221 44.833225 4.536667 0.186759 0.186153 0.047416 
1498879062.859869 44.834225 44.833221 4.536666 0.186754 0.186142 0.047419 
1498879062.959869 44.834225 44.833229 4.536667 0.186736 0.186127 0.047425 
1498879063.059870 44.834229 44.833229 4.536667 0.186686 0.186076 0.047430 
1498879063.193203 44.834229 44.833229 4.536665 0.186658 0.186048 0.047434 
1498879063.293203 44.834236 44.833229 4.536668 0.186617 0.185996 0.047436 
1498879063.393203 44.834232 44.833237 4.536666 0.186627 0.186007 0.047434 
1498879063.493203 44.834267 44.833267 4.536674 0.186683 0.186064 0.047436 
1498879063.559870 44.834419 44.833420 4.536685 0.187031 0.186408 0.047435 
1498879063.659869 44.834564 44.833561 4.536700 0.187347 0.186724 0.047439 
1498879063.726536 44.834560 44.833572 4.536700 0.187343 0.186718 0.047440 
1498879063.793203 44.834572 44.833572 4.536700 0.187335 0.186711 0.047441 
1498879063.893203 44.834583 44.833588 4.536703 0.187388 0.186764 0.047441 
1498879063.959869 44.834667 44.833672 4.536711 0.187548 0.186924 0.047444 
1498879064.059870 44.834663 44.833668 4.536712 0.187545 0.186923 0.047445 
1498879064.193203 44.835140 44.834152 4.536764 0.188504 0.187860 0.047448 
1498879064.326536 44.836151 44.835155 4.536862 0.190520 0.189820 0.047455 
1498879064.459869 44.838066 44.837059 4.537058 0.194392 0.193602 0.047469 
1498879064.559870 44.838066 44.837067 4.537060 0.194408 0.193619 0.047465 
1498879064.693203 44.838432 44.837433 4.537100 0.195254 0.194444 0.047468 
1498879064.826536 44.838444 44.837444 4.537098 0.195287 0.194476 0.047468 
1498879064.959869 44.838444 44.837440 4.537097 0.195311 0.194501 0.047468 
1498879065.059870 44.838444 44.837444 4.537098 0.195313 0.194503 0.047468 
1498879065.193203 44.838440 44.837452 4.537099 0.195332 0.194522 0.047469 
1498879065.326536 44.838478 44.837479 4.537105 0.195408 0.194597 0.047469 
1498879065.459869 44.838593 44.837585 4.537115 0.195812 0.194996 0.047467 
1498879065.526536 44.838905 44.837898 4.537148 0.196862 0.196031 0.047467 
1498879065.626536 44.838898 44.837902 4.537148 0.196870 0.196041 0.047467 
1498879065.726536 44.838902 44.837902 4.537148 0.196880 0.196052 0.047471 
1498879065.826536 44.838898 44.837902 4.537151 0.196885 0.196058 0.047470 
1498879065.959869 44.838902 44.837906 4.537150 0.196898 0.196070 0.047470 
1498879066.059870 44.838913 44.837910 4.537150 0.196909 0.196081 0.047470 
1498879066.193203 44.838913 44.837910 4.537153 0.196917 0.196089 0.047470 
1498879066.326536 44.838913 44.837917 4.537152 0.196949 0.196120 0.047470 
1498879066.459869 44.838924 44.837917 4.537154 0.196984 0.196156 0.047470 
1498879066.559870 44.838921 44.837917 4.537151 0.196998 0.196171 0.047471 
1498879066.659869 44.838921 44.837929 4.537151 0.196997 0.196169 0.047470 
