1498879051.626536 -0.261209 9.778457 0.741391 -1.858769 9.515574 1.494977 
1498879051.693203 -0.677713 9.707506 1.241428 -1.862683 9.516238 1.485840 
1498879051.759869 -1.212272 9.529664 1.987966 -1.865889 9.516146 1.482411 
1498879051.826536 -1.384353 9.372113 2.546208 -1.864225 9.516194 1.484187 
1498879051.926536 -1.618923 9.602574 1.185646 -1.859954 9.516425 1.488062 
1498879051.993203 -1.490903 9.642403 1.018525 -1.853683 9.516457 1.495667 
1498879052.093203 -0.716927 9.682221 1.405954 -1.842208 9.514714 1.520720 
1498879052.159869 -0.675847 9.718205 1.155777 -1.841076 9.516491 1.510942 
1498879052.226536 0.095354 9.804087 0.326942 -1.838892 9.518003 1.504064 
1498879052.293203 0.120439 9.805117 0.285116 -1.837396 9.518491 1.502802 
1498879052.393203 0.091972 9.809123 -0.093606 -1.836458 9.518305 1.505122 
1498879052.459869 -0.166179 9.808244 -0.082792 -1.834431 9.518511 1.506293 
1498879052.559870 -1.816395 8.958607 3.560924 -1.834189 9.515865 1.523210 
1498879052.659869 -2.047343 8.714797 4.012083 -1.835810 9.513710 1.534679 
1498879052.793203 -1.814621 8.998700 3.459286 -1.831346 9.513770 1.539626 
1498879052.893203 -1.774157 9.219534 2.844059 -1.823558 9.515125 1.540496 
1498879052.959869 -1.901824 9.314543 2.420427 -1.819932 9.515028 1.545382 
1498879053.059870 -1.905214 9.491053 1.589399 -1.840560 9.508804 1.559195 
1498879053.193203 -1.867968 9.510131 1.517963 -1.821341 9.511553 1.564987 
1498879053.259869 -1.853529 9.526914 1.427746 -1.822286 9.510114 1.572617 
1498879053.359869 -1.788222 9.564023 1.252134 -1.824797 9.509932 1.570802 
1498879053.493203 -1.667274 9.610964 1.041965 -1.829649 9.510400 1.562299 
1498879053.593203 -1.582320 9.649642 0.785348 -1.834662 9.510550 1.555498 
1498879053.659869 -1.493315 9.664351 0.778751 -1.838396 9.509878 1.555196 
1498879053.793203 -1.444329 9.682917 0.625411 -1.840020 9.511591 1.542749 
1498879053.859869 -1.450764 9.687399 0.534502 -1.844454 9.511973 1.535077 
1498879053.959869 -1.513507 9.672333 0.625604 -1.843271 9.512724 1.531845 
1498879054.059870 -1.547080 9.661760 0.702170 -1.837849 9.513329 1.534600 
1498879054.159869 -1.638509 9.643926 0.738976 -1.835069 9.513481 1.536980 
1498879054.293203 -1.610921 9.642077 0.819376 -1.828606 9.512679 1.549594 
1498879054.393203 -1.674366 9.628068 0.856098 -1.826920 9.512403 1.553272 
1498879054.526536 -1.796804 9.606825 0.846475 -1.828679 9.511417 1.557234 
1498879054.626536 -1.934227 9.565971 0.993516 -1.842189 9.509088 1.555539 
1498879054.726536 -1.847414 9.577570 1.045623 -1.840888 9.508473 1.560822 
1498879054.826536 -1.795264 9.580798 1.105186 -1.837346 9.506942 1.574266 
1498879054.926536 -1.768630 9.574706 1.197103 -1.839154 9.506494 1.574866 
1498879055.026536 -1.763355 9.572612 1.221384 -1.837894 9.506497 1.576309 
1498879055.126536 -1.825189 9.551730 1.291994 -1.839158 9.506425 1.575271 
1498879055.259869 -1.792297 9.562882 1.255014 -1.838599 9.506735 1.574055 
1498879055.359869 -1.823335 9.552285 1.290505 -1.836963 9.506825 1.575415 
1498879055.426536 -1.773052 9.558058 1.317544 -1.834606 9.506730 1.578735 
1498879055.526536 -1.808269 9.546010 1.356450 -1.833294 9.507320 1.576704 
1498879055.626536 -1.888551 9.528390 1.370864 -1.830075 9.507208 1.581117 
1498879055.693203 -1.950750 9.521156 1.333517 -1.831652 9.508403 1.572082 
1498879055.759869 -1.963518 9.522619 1.304006 -1.833844 9.508659 1.567966 
1498879055.826536 -2.031107 9.502398 1.347269 -1.830536 9.508736 1.571369 
1498879055.893203 -2.063949 9.495410 1.346633 -1.830925 9.509321 1.567367 
1498879055.959869 -2.089523 9.489264 1.350505 -1.830879 9.509648 1.565433 
1498879056.026536 -2.060941 9.496196 1.345697 -1.833473 9.508492 1.569411 
1498879056.093203 -2.023517 9.506161 1.332069 -1.837281 9.506630 1.576230 
1498879056.193203 -1.938059 9.520825 1.354218 -1.839901 9.504505 1.585954 
1498879056.259869 -1.923816 9.524193 1.350847 -1.838828 9.504069 1.589808 
1498879056.326536 -1.956286 9.519396 1.337966 -1.838176 9.504009 1.590918 
1498879056.393203 -2.000411 9.514605 1.306430 -1.836153 9.503792 1.594552 
1498879056.459869 -2.053660 9.507861 1.272463 -1.833358 9.503512 1.599421 
1498879056.526536 -2.070363 9.510412 1.225462 -1.833207 9.503257 1.601118 
1498879056.593203 -2.070734 9.510248 1.226112 -1.833096 9.503301 1.600983 
1498879056.659869 -2.072015 9.509871 1.226871 -1.832681 9.503326 1.601303 
1498879056.726536 -2.079059 9.507483 1.233442 -1.831270 9.503262 1.603302 
1498879056.793203 -2.078308 9.507639 1.233514 -1.830957 9.503345 1.603164 
1498879056.893203 -2.082414 9.506391 1.236200 -1.830455 9.503238 1.604376 
1498879057.026536 -2.083534 9.506111 1.236463 -1.830526 9.503178 1.604648 
1498879057.093203 -2.086307 9.505602 1.235705 -1.830865 9.502986 1.605397 
1498879057.126536 -2.086358 9.505535 1.236135 -1.830753 9.503003 1.605426 
1498879057.193203 -2.087090 9.505464 1.235448 -1.830970 9.502934 1.605587 
1498879057.293203 -2.087225 9.505274 1.236679 -1.830669 9.502969 1.605726 
1498879057.393203 -2.088693 9.504963 1.236586 -1.830881 9.502892 1.605931 
1498879057.493203 -2.088589 9.504817 1.237882 -1.830594 9.502940 1.605981 
1498879057.559870 -2.089274 9.504736 1.237349 -1.830750 9.502900 1.606038 
1498879057.626536 -2.089108 9.504608 1.238610 -1.830415 9.502958 1.606072 
1498879057.726536 -2.090069 9.504308 1.239298 -1.830278 9.502933 1.606385 
1498879057.826536 -2.092928 9.503206 1.242913 -1.829443 9.502997 1.606951 
1498879057.926536 -2.098010 9.501169 1.249900 -1.828249 9.503158 1.607365 
1498879057.993203 -2.102952 9.499169 1.256777 -1.826415 9.503298 1.608616 
1498879058.059870 -2.129027 9.490597 1.277466 -1.826366 9.503181 1.609360 
1498879058.159869 -2.127666 9.490964 1.277006 -1.826493 9.503193 1.609148 
1498879058.259869 -2.243830 9.451353 1.368671 -1.826977 9.502995 1.609767 
1498879058.359869 -2.443262 9.377156 1.528242 -1.827128 9.502837 1.610525 
1498879058.493203 -2.617066 9.302207 1.689981 -1.827268 9.502674 1.611331 
1498879058.593203 -2.708358 9.258335 1.784416 -1.826898 9.502536 1.612561 
1498879058.693203 -2.710215 9.257619 1.785309 -1.827394 9.502460 1.612452 
1498879058.759869 -2.698494 9.259719 1.792161 -1.827373 9.502328 1.613251 
1498879058.826536 -2.709925 9.254834 1.800129 -1.826913 9.502226 1.614375 
1498879058.893203 -2.758062 9.242729 1.789177 -1.826058 9.502055 1.616345 
1498879058.959869 -2.793654 9.234556 1.776109 -1.826676 9.501643 1.618063 
1498879059.026536 -2.795002 9.232781 1.783206 -1.826386 9.501667 1.618253 
1498879059.093203 -2.795041 9.232941 1.782320 -1.826316 9.501706 1.618105 
1498879059.193203 -2.795171 9.233114 1.781217 -1.826474 9.501659 1.618202 
1498879059.293203 -2.796472 9.232725 1.781190 -1.826514 9.501653 1.618194 
1498879059.393203 -2.796491 9.233281 1.778279 -1.826615 9.501608 1.618342 
1498879059.526536 -2.793592 9.234649 1.775728 -1.826310 9.501680 1.618259 
1498879059.626536 -2.792251 9.235374 1.774067 -1.826221 9.501704 1.618222 
1498879059.759869 -2.791767 9.235889 1.772142 -1.827335 9.501606 1.617540 
1498879059.859869 -2.789589 9.237002 1.769775 -1.826899 9.501731 1.617300 
1498879059.993203 -2.789994 9.236686 1.770785 -1.826890 9.501703 1.617470 
1498879060.093203 -2.787894 9.237320 1.770785 -1.826685 9.501721 1.617598 
1498879060.159869 -2.787628 9.237473 1.770404 -1.826831 9.501714 1.617475 
1498879060.226536 -2.785882 9.238581 1.767371 -1.826792 9.501752 1.617296 
1498879060.293203 -2.784954 9.239066 1.766293 -1.827089 9.501714 1.617185 
1498879060.359869 -2.785887 9.238655 1.766969 -1.827062 9.501757 1.616968 
1498879060.493203 -2.782503 9.238914 1.770952 -1.827126 9.501735 1.617022 
1498879060.593203 -2.778261 9.240139 1.771214 -1.827330 9.501764 1.616617 
1498879060.726536 -2.777974 9.240184 1.771432 -1.827423 9.501794 1.616336 
1498879060.826536 -2.740691 9.244867 1.804756 -1.827556 9.501741 1.616496 
1498879060.926536 -2.740490 9.245317 1.802752 -1.826978 9.501920 1.616104 
1498879061.059870 -2.740255 9.245120 1.804124 -1.826916 9.501936 1.616076 
1498879061.193203 -2.739726 9.244605 1.807564 -1.826817 9.501935 1.616190 
1498879061.326536 -2.737904 9.244994 1.808335 -1.826565 9.502007 1.616050 
1498879061.459869 -2.737121 9.244714 1.810951 -1.826357 9.502079 1.615866 
1498879061.559870 -2.735567 9.245107 1.811295 -1.826529 9.502007 1.616090 
1498879061.693203 -2.728200 9.247136 1.812048 -1.826718 9.502072 1.615500 
1498879061.826536 -2.723292 9.248165 1.814173 -1.826567 9.502085 1.615596 
1498879061.959869 -2.723117 9.248425 1.813114 -1.826257 9.502125 1.615709 
1498879062.026536 -2.697075 9.257442 1.806003 -1.826373 9.502072 1.615886 
1498879062.093203 -2.662168 9.268888 1.799076 -1.826466 9.502033 1.616013 
1498879062.226536 -2.618078 9.284102 1.785278 -1.826266 9.502051 1.616135 
1498879062.293203 -2.617805 9.284327 1.784512 -1.826306 9.502017 1.616288 
1498879062.393203 -2.605344 9.288430 1.781394 -1.826507 9.501918 1.616644 
1498879062.526536 -2.582766 9.296082 1.774344 -1.826377 9.501879 1.617017 
1498879062.626536 -2.579927 9.296725 1.775101 -1.826358 9.501957 1.616578 
1498879062.759869 -2.580720 9.296360 1.775862 -1.826747 9.501917 1.616379 
1498879062.859869 -2.575424 9.296767 1.781407 -1.826742 9.501941 1.616242 
1498879062.959869 -2.574546 9.297267 1.780072 -1.826855 9.501928 1.616187 
1498879063.059870 -2.573618 9.297270 1.781395 -1.826754 9.501931 1.616284 
1498879063.193203 -2.574287 9.297254 1.780514 -1.826802 9.502003 1.615810 
1498879063.293203 -2.575352 9.295961 1.785714 -1.826596 9.502028 1.615893 
1498879063.393203 -2.574005 9.296197 1.786427 -1.826872 9.501992 1.615792 
1498879063.493203 -2.572138 9.296642 1.786800 -1.826581 9.501946 1.616389 
1498879063.559870 -2.573096 9.296468 1.786328 -1.826778 9.502007 1.615816 
1498879063.659869 -2.573984 9.296640 1.784151 -1.826667 9.502045 1.615719 
1498879063.726536 -2.574258 9.296397 1.785023 -1.826767 9.502017 1.615768 
1498879063.793203 -2.574008 9.296588 1.784388 -1.826656 9.502033 1.615798 
1498879063.893203 -2.573874 9.296739 1.783799 -1.826637 9.502049 1.615721 
1498879063.959869 -2.573609 9.297082 1.782392 -1.826562 9.502082 1.615618 
1498879064.059870 -2.573326 9.297264 1.781847 -1.826531 9.502062 1.615771 
1498879064.193203 -2.573117 9.297584 1.780481 -1.826372 9.502048 1.616028 
1498879064.326536 -2.576106 9.296794 1.780284 -1.826860 9.501996 1.615787 
1498879064.459869 -2.580091 9.296587 1.775588 -1.827271 9.501793 1.616518 
1498879064.559870 -2.580251 9.296666 1.774942 -1.827309 9.501756 1.616692 
1498879064.693203 -2.582264 9.296082 1.775073 -1.827068 9.501820 1.616584 
1498879064.826536 -2.581967 9.296053 1.775657 -1.827395 9.501739 1.616694 
1498879064.959869 -2.581967 9.296098 1.775420 -1.827365 9.501757 1.616626 
1498879065.059870 -2.581967 9.296126 1.775273 -1.827365 9.501753 1.616646 
1498879065.193203 -2.581609 9.296370 1.774518 -1.827164 9.501804 1.616566 
1498879065.326536 -2.581520 9.296338 1.774812 -1.826880 9.501841 1.616676 
1498879065.459869 -2.581780 9.296157 1.775383 -1.827049 9.501827 1.616564 
1498879065.526536 -2.581732 9.295470 1.779044 -1.826871 9.501851 1.616626 
1498879065.626536 -2.582032 9.295576 1.778055 -1.826755 9.501892 1.616513 
1498879065.726536 -2.581752 9.295733 1.777640 -1.826767 9.501893 1.616497 
1498879065.826536 -2.581444 9.295861 1.777420 -1.826571 9.501902 1.616665 
1498879065.959869 -2.581572 9.295800 1.777553 -1.826465 9.501921 1.616672 
1498879066.059870 -2.581915 9.295663 1.777772 -1.826581 9.501925 1.616523 
1498879066.193203 -2.582005 9.295669 1.777615 -1.826362 9.501966 1.616524 
1498879066.326536 -2.582199 9.295589 1.777745 -1.826516 9.501931 1.616552 
1498879066.459869 -2.582015 9.295722 1.777319 -1.826349 9.501980 1.616458 
1498879066.559870 -2.581939 9.295756 1.777247 -1.826524 9.501946 1.616454 
1498879066.659869 -2.582248 9.295621 1.777508 -1.826611 9.501952 1.616324 
