1413393890.255760 -4.205153 -3.999256 -7.909409 -0.139117 9.359116 2.936615 
1413393890.355761 -4.848557 7.389142 -4.257721 -0.140161 9.359248 2.936145 
1413393890.505760 -2.573525 9.462543 -0.270820 -0.140418 9.359287 2.936005 
1413393890.605761 -2.888796 9.366371 -0.402573 -0.139979 9.359329 2.935894 
1413393890.755760 -1.402014 9.596056 1.478571 -0.140043 9.359534 2.935237 
1413393890.855761 -0.107833 9.283215 3.169606 -0.140690 9.359581 2.935057 
1413393891.005760 -1.284819 9.627712 -1.375682 -0.140889 9.360157 2.933210 
1413393891.105761 -0.136740 9.428543 2.705546 -0.138634 9.361773 2.928154 
1413393891.255760 -0.777918 9.355353 2.847510 -0.137873 9.362329 2.926414 
1413393891.355761 -1.626630 9.409933 2.245740 -0.138106 9.362336 2.926379 
1413393891.505760 -0.995579 9.399899 2.624278 -0.142176 9.359946 2.933818 
1413393891.605761 -1.609118 9.646904 0.764256 -0.142840 9.360021 2.933552 
1413393891.755760 -0.811249 9.622407 1.728370 -0.143367 9.359375 2.935582 
1413393891.855761 -0.939540 9.643626 1.534228 -0.143477 9.359118 2.936398 
1413393891.955760 -1.206450 9.660252 1.208356 -0.142836 9.359203 2.936156 
1413393892.105761 -2.002210 9.600786 0.228381 -0.140700 9.360238 2.932961 
1413393892.255760 -1.724250 9.647182 0.441528 -0.139306 9.361535 2.928884 
1413393892.355761 -1.800745 9.637597 0.331878 -0.139053 9.361402 2.929321 
1413393892.505760 -1.274016 9.673347 1.019483 -0.138791 9.361227 2.929893 
1413393892.605761 -0.919612 9.650048 1.505649 -0.139848 9.361894 2.927714 
1413393892.705760 -0.856773 9.635777 1.629069 -0.140694 9.361774 2.928051 
1413393892.805760 -0.866542 9.637955 1.610914 -0.140343 9.361825 2.927906 
1413393892.905761 -0.738712 9.616360 1.793334 -0.139527 9.361721 2.928281 
1413393893.055760 -0.457782 9.547944 2.205291 -0.141021 9.361308 2.929527 
1413393893.155761 -0.458503 9.547400 2.207492 -0.140586 9.361309 2.929545 
1413393893.305760 -0.461848 9.549271 2.198688 -0.140899 9.361253 2.929711 
1413393893.405761 -0.449657 9.550241 2.197004 -0.140968 9.361394 2.929255 
1413393893.555760 -0.225093 9.450165 2.622944 -0.143337 9.361289 2.929475 
1413393893.655761 -0.235002 9.448218 2.629078 -0.143053 9.361318 2.929400 
1413393893.805760 -0.247487 9.445419 2.637976 -0.142568 9.361238 2.929680 
1413393893.905761 -0.228449 9.448152 2.629897 -0.142841 9.361103 2.930094 
1413393894.055760 -0.201557 9.448816 2.629707 -0.142445 9.360799 2.931084 
1413393894.155761 -0.183128 9.456011 2.605076 -0.142464 9.360671 2.931493 
1413393894.305760 -0.174763 9.457673 2.599614 -0.142871 9.360652 2.931533 
1413393894.405761 -0.171293 9.463415 2.578866 -0.143165 9.360576 2.931764 
1413393894.555760 -0.159284 9.470714 2.552707 -0.143038 9.360693 2.931394 
1413393894.655761 -0.159648 9.473342 2.542914 -0.142820 9.360785 2.931113 
1413393894.805760 -0.133785 9.474122 2.541499 -0.142391 9.360566 2.931830 
1413393894.905761 -0.071814 9.470949 2.555791 -0.141122 9.360710 2.931432 
1413393895.055760 -0.081000 9.469706 2.560123 -0.141226 9.360641 2.931647 
1413393895.155761 -0.096770 9.471811 2.551773 -0.140349 9.360889 2.930897 
1413393895.305760 -0.095729 9.471946 2.551310 -0.140799 9.360893 2.930863 
1413393895.405761 -0.105621 9.475717 2.536879 -0.141007 9.360871 2.930923 
1413393895.555760 -0.103843 9.476789 2.532941 -0.141807 9.360832 2.931009 
1413393895.655761 -0.096101 9.473564 2.545280 -0.141906 9.360883 2.930843 
1413393895.805760 -0.126872 9.472774 2.546876 -0.141657 9.360893 2.930821 
1413393895.905761 -0.135108 9.473896 2.542272 -0.141672 9.360862 2.930923 
1413393896.055760 -0.121668 9.475857 2.535635 -0.141521 9.360925 2.930728 
1413393896.155761 -0.106117 9.474973 2.539634 -0.141731 9.360734 2.931329 
1413393896.305760 -0.109494 9.474331 2.541883 -0.141930 9.360773 2.931194 
1413393896.405761 -0.074649 9.477709 2.530527 -0.141745 9.360519 2.932010 
1413393896.555760 -0.104605 9.479068 2.524370 -0.142150 9.360542 2.931919 
1413393896.655761 -0.053572 9.478127 2.529492 -0.142478 9.360625 2.931640 
1413393896.805760 -0.092834 9.476999 2.532581 -0.143171 9.360598 2.931691 
1413393896.905761 -0.045488 9.473694 2.546206 -0.143095 9.360729 2.931275 
1413393897.055760 -0.041247 9.472681 2.550044 -0.142579 9.360732 2.931291 
1413393897.155761 -0.046029 9.471344 2.554924 -0.142364 9.360705 2.931387 
1413393897.305760 -0.003860 9.471820 2.553569 -0.142098 9.360415 2.932329 
1413393897.405761 -0.025058 9.473096 2.548711 -0.142317 9.360374 2.932446 
1413393897.555760 -0.013258 9.469946 2.560479 -0.142078 9.360404 2.932363 
1413393897.655761 -0.013877 9.468492 2.565849 -0.141871 9.360460 2.932195 
1413393897.805760 0.142876 9.452236 2.621245 -0.141670 9.360442 2.932260 
1413393897.905761 0.216429 9.426357 2.707963 -0.141092 9.360144 2.933242 
1413393898.055760 0.254092 9.396345 2.807178 -0.140369 9.359330 2.935872 
1413393898.155761 0.244650 9.396557 2.807307 -0.140736 9.359348 2.935796 
1413393898.255760 0.179131 9.380876 2.864123 -0.140721 9.359238 2.936149 
1413393898.355761 0.176041 9.382421 2.859245 -0.140798 9.359150 2.936426 
1413393898.455760 0.176403 9.381621 2.861848 -0.140703 9.359179 2.936337 
1413393898.555760 0.172097 9.379497 2.869067 -0.140965 9.359042 2.936761 
1413393898.655761 0.169160 9.374911 2.884188 -0.141739 9.358674 2.937896 
1413393898.755760 0.165373 9.375762 2.881639 -0.141522 9.358692 2.937850 
1413393898.855761 0.126296 9.375426 2.884708 -0.140654 9.358733 2.937759 
1413393899.005760 0.075634 9.368852 2.907751 -0.138729 9.357849 2.940668 
1413393899.105761 0.074106 9.369385 2.906070 -0.138901 9.357627 2.941365 
1413393899.205760 0.033499 9.372021 2.898312 -0.138212 9.357491 2.941831 
1413393899.305760 0.018703 9.370179 2.904393 -0.137140 9.356457 2.945170 
1413393899.405761 -0.007682 9.369553 2.906464 -0.136380 9.356076 2.946413 
1413393899.505760 -0.005699 9.367179 2.914111 -0.136509 9.355999 2.946651 
1413393899.605761 0.008327 9.363042 2.927370 -0.136087 9.355379 2.948638 
1413393899.755760 0.003422 9.363849 2.924796 -0.136550 9.355898 2.946970 
1413393899.855761 0.006750 9.358985 2.940316 -0.135849 9.355001 2.949846 
1413393899.955760 0.013736 9.358114 2.943060 -0.135431 9.354939 2.950065 
1413393900.055760 0.012890 9.359150 2.939771 -0.134960 9.355140 2.949450 
1413393900.155761 0.015520 9.358545 2.941681 -0.134941 9.355049 2.949738 
1413393900.305760 0.043076 9.351943 2.962333 -0.128906 9.351764 2.960405 
1413393900.405761 0.020914 9.357544 2.944833 -0.129691 9.353125 2.956069 
1413393900.505760 0.013865 9.365371 2.919887 -0.127265 9.353963 2.953520 
1413393900.605761 0.023019 9.363491 2.925855 -0.126863 9.353237 2.955836 
1413393900.705760 0.019798 9.365787 2.918518 -0.124348 9.353295 2.955760 
1413393900.805760 0.020744 9.366339 2.916740 -0.124274 9.353456 2.955256 
1413393900.905761 0.019410 9.366233 2.917091 -0.124252 9.353555 2.954944 
1413393901.005760 0.021839 9.366079 2.917567 -0.123599 9.353324 2.955701 
1413393901.105761 0.017415 9.364776 2.921778 -0.124506 9.353129 2.956277 
1413393901.205760 0.016922 9.364902 2.921373 -0.124210 9.353191 2.956095 
1413393901.255760 0.015956 9.364901 2.921386 -0.124172 9.353190 2.956098 
1413393901.355761 0.011780 9.364887 2.921447 -0.124661 9.353499 2.955099 
1413393901.505760 0.010577 9.364993 2.921112 -0.124851 9.353500 2.955089 
1413393901.605761 0.010823 9.364946 2.921261 -0.125395 9.353169 2.956112 
1413393901.705760 0.014075 9.363785 2.924970 -0.124952 9.352256 2.959021 
1413393901.805760 0.014463 9.364416 2.922947 -0.124425 9.352188 2.959258 
1413393901.905761 0.019216 9.363460 2.925981 -0.124285 9.352021 2.959790 
1413393902.055760 0.021517 9.362750 2.928232 -0.123978 9.351802 2.960499 
1413393902.155761 0.022331 9.360156 2.936510 -0.122808 9.350463 2.964773 
1413393902.305760 0.022098 9.360055 2.936831 -0.122983 9.350577 2.964405 
1413393902.405761 0.018487 9.360891 2.934193 -0.123200 9.350928 2.963289 
1413393902.555760 0.014208 9.361454 2.932419 -0.123687 9.351247 2.962260 
1413393902.655761 0.013857 9.361530 2.932179 -0.123968 9.351359 2.961895 
1413393902.755760 0.013547 9.362097 2.930369 -0.123195 9.351391 2.961828 
1413393902.855761 0.008273 9.362241 2.929929 -0.124498 9.351465 2.961538 
1413393903.005760 0.003483 9.364595 2.922406 -0.124352 9.352212 2.959185 
1413393903.105761 0.009506 9.364287 2.923380 -0.123674 9.351495 2.961479 
1413393903.255760 0.008472 9.364430 2.922921 -0.123518 9.351495 2.961485 
1413393903.355761 0.009908 9.364335 2.923225 -0.123213 9.351415 2.961753 
1413393903.455760 0.009514 9.364941 2.921285 -0.122794 9.351601 2.961181 
1413393903.605761 0.010341 9.364591 2.922402 -0.122198 9.351294 2.962174 
1413393903.755760 0.010394 9.364706 2.922035 -0.121997 9.351290 2.962195 
1413393903.855761 0.008444 9.363821 2.924876 -0.121408 9.350745 2.963939 
1413393904.005760 0.008620 9.362349 2.929586 -0.119459 9.349760 2.967125 
1413393904.105761 0.006686 9.360672 2.934941 -0.117042 9.348340 2.971691 
1413393904.255760 0.006399 9.361128 2.933489 -0.116784 9.348454 2.971342 
1413393904.355761 0.005318 9.361274 2.933025 -0.116915 9.348536 2.971078 
1413393904.455760 0.005694 9.360968 2.934001 -0.116749 9.348432 2.971415 
1413393904.605761 0.002831 9.362013 2.930669 -0.116509 9.349086 2.969366 
1413393904.755760 0.003552 9.361936 2.930914 -0.116621 9.349227 2.968916 
1413393904.855761 0.002966 9.362079 2.930459 -0.116539 9.349128 2.969232 
1413393904.955760 0.003404 9.362068 2.930492 -0.116358 9.349059 2.969454 
1413393905.005760 0.002441 9.362228 2.929981 -0.116553 9.349151 2.969158 
1413393905.105761 0.003458 9.361911 2.930993 -0.116687 9.349081 2.969372 
1413393905.205760 0.002865 9.361989 2.930743 -0.116739 9.349073 2.969395 
1413393905.305760 0.001647 9.361638 2.931868 -0.116455 9.348932 2.969850 
