1413393890.255760 2.808038 2.808038 0.284767 0.002378 0.000223 0.000050 
1413393890.355761 2.808099 2.808099 0.284773 0.003584 0.000257 0.000063 
1413393890.505760 2.808160 2.808160 0.284779 0.004066 0.000263 0.000076 
1413393890.605761 2.808221 2.808221 0.284785 0.004062 0.000266 0.000086 
1413393890.755760 2.808282 2.808281 0.284791 0.004182 0.000274 0.000114 
1413393890.855761 2.808488 2.808488 0.284812 0.004404 0.000284 0.000140 
1413393891.005760 2.809092 2.809091 0.284874 0.004857 0.000356 0.000169 
1413393891.105761 2.810474 2.810473 0.285014 0.008708 0.000427 0.000173 
1413393891.255760 2.813146 2.813145 0.285287 0.013990 0.000557 0.000186 
1413393891.355761 2.813207 2.813206 0.285293 0.014130 0.000569 0.000191 
1413393891.505760 2.830892 2.830890 0.287107 0.030521 0.001176 0.000250 
1413393891.605761 2.904489 2.904487 0.294808 0.052472 0.002836 0.000441 
1413393891.755760 3.007115 3.007103 0.305467 0.061685 0.005139 0.000755 
1413393891.855761 3.007172 3.007160 0.305463 0.061260 0.005178 0.000868 
1413393891.955760 3.026360 3.026347 0.307241 0.067058 0.006205 0.001064 
1413393892.105761 3.095386 3.095371 0.313923 0.080029 0.007312 0.001524 
1413393892.255760 3.189333 3.189314 0.323400 0.089667 0.007758 0.002065 
1413393892.355761 3.189387 3.189368 0.323406 0.089637 0.007769 0.002068 
1413393892.505760 3.214529 3.214509 0.325947 0.090490 0.007797 0.002402 
1413393892.605761 3.303243 3.303220 0.334929 0.092422 0.007874 0.003150 
1413393892.705760 3.419203 3.419172 0.346683 0.093380 0.007970 0.003713 
1413393892.805760 3.419217 3.419186 0.346684 0.093372 0.007973 0.003719 
1413393892.905761 3.442647 3.442612 0.349043 0.096117 0.008097 0.004256 
1413393893.055760 3.525644 3.525582 0.357381 0.107240 0.009524 0.005804 
1413393893.155761 3.525692 3.525630 0.357386 0.107258 0.009530 0.005806 
1413393893.305760 3.525740 3.525678 0.357391 0.107256 0.009542 0.005813 
1413393893.405761 3.526609 3.526547 0.357477 0.107243 0.009592 0.005850 
1413393893.555760 3.637390 3.637171 0.368710 0.156810 0.020137 0.006361 
1413393893.655761 3.637437 3.637218 0.368715 0.156839 0.020136 0.006366 
1413393893.805760 3.637484 3.637265 0.368719 0.156979 0.020122 0.006373 
1413393893.905761 3.637530 3.637312 0.368725 0.156821 0.020137 0.006371 
1413393894.055760 3.637575 3.637359 0.368729 0.156446 0.020167 0.006386 
1413393894.155761 3.637621 3.637406 0.368735 0.156311 0.020205 0.006387 
1413393894.305760 3.637668 3.637453 0.368741 0.156209 0.020214 0.006385 
1413393894.405761 3.637915 3.637700 0.368768 0.156160 0.020240 0.006378 
1413393894.555760 3.637962 3.637748 0.368775 0.156499 0.020243 0.006376 
1413393894.655761 3.638011 3.637795 0.368780 0.156732 0.020248 0.006380 
1413393894.805760 3.638057 3.637842 0.368786 0.156830 0.020266 0.006388 
1413393894.905761 3.664529 3.664312 0.371428 0.156982 0.020294 0.006451 
1413393895.055760 3.664576 3.664359 0.371433 0.156988 0.020277 0.006445 
1413393895.155761 3.664624 3.664406 0.371440 0.157485 0.020242 0.006453 
1413393895.305760 3.664671 3.664452 0.371444 0.157477 0.020255 0.006452 
1413393895.405761 3.664718 3.664499 0.371451 0.157849 0.020234 0.006449 
1413393895.555760 3.664764 3.664546 0.371456 0.157781 0.020238 0.006443 
1413393895.655761 3.665670 3.665452 0.371548 0.157788 0.020260 0.006469 
1413393895.805760 3.669234 3.669020 0.371902 0.158158 0.020286 0.006564 
1413393895.905761 3.669282 3.669067 0.371907 0.158099 0.020281 0.006565 
1413393896.055760 3.669328 3.669114 0.371912 0.157944 0.020284 0.006585 
1413393896.155761 3.670232 3.670019 0.372002 0.157570 0.020308 0.006621 
1413393896.305760 3.670279 3.670066 0.372007 0.157486 0.020322 0.006656 
1413393896.405761 3.673462 3.673252 0.372332 0.157343 0.020364 0.006741 
1413393896.555760 3.673509 3.673299 0.372338 0.157434 0.020390 0.006841 
1413393896.655761 3.673555 3.673345 0.372343 0.157459 0.020428 0.006952 
1413393896.805760 3.673601 3.673391 0.372347 0.157317 0.020471 0.007112 
1413393896.905761 3.673647 3.673437 0.372351 0.157198 0.020539 0.007300 
1413393897.055760 3.673693 3.673483 0.372356 0.157423 0.020618 0.007522 
1413393897.155761 3.673739 3.673529 0.372361 0.157563 0.020704 0.007785 
1413393897.305760 3.673785 3.673575 0.372365 0.157555 0.020813 0.008058 
1413393897.405761 3.674689 3.674479 0.372458 0.157549 0.020958 0.008420 
1413393897.555760 3.678248 3.678035 0.372822 0.157700 0.021441 0.009544 
1413393897.655761 3.678294 3.678081 0.372827 0.157595 0.021549 0.009781 
1413393897.805760 3.685810 3.685591 0.373598 0.157858 0.023232 0.013001 
1413393897.905761 3.713535 3.713285 0.376447 0.159312 0.029185 0.021678 
1413393898.055760 3.756046 3.755746 0.380812 0.161315 0.039262 0.033421 
1413393898.155761 3.756091 3.755791 0.380814 0.161128 0.039320 0.033487 
1413393898.255760 3.777354 3.777021 0.382991 0.162869 0.048559 0.043231 
1413393898.355761 3.777367 3.777033 0.382993 0.162893 0.048572 0.043244 
1413393898.455760 3.777379 3.777047 0.382995 0.162785 0.048587 0.043260 
1413393898.555760 3.778215 3.777884 0.383079 0.162956 0.049336 0.044179 
1413393898.655761 3.781593 3.781272 0.383425 0.163745 0.052419 0.047926 
1413393898.755760 3.781607 3.781286 0.383427 0.163713 0.052429 0.047932 
1413393898.855761 3.788782 3.788479 0.384175 0.165158 0.058616 0.054972 
1413393899.005760 3.815391 3.815145 0.386941 0.170070 0.076896 0.074124 
1413393899.105761 3.815435 3.815187 0.386946 0.169957 0.076946 0.074180 
1413393899.205760 3.827612 3.827373 0.388204 0.170384 0.083865 0.081192 
1413393899.305760 3.849407 3.849187 0.390468 0.172152 0.094925 0.091920 
1413393899.405761 3.888960 3.888763 0.394594 0.175832 0.112195 0.107456 
1413393899.505760 3.888971 3.888776 0.394593 0.175998 0.112185 0.107379 
1413393899.605761 3.897725 3.897530 0.395511 0.178549 0.115901 0.110410 
1413393899.755760 3.897769 3.897573 0.395516 0.178468 0.115916 0.110518 
1413393899.855761 3.919097 3.918890 0.397725 0.184960 0.124617 0.117390 
1413393899.955760 3.919108 3.918902 0.397730 0.185324 0.124643 0.117340 
1413393900.055760 3.921520 3.921309 0.397968 0.186564 0.125688 0.118586 
1413393900.155761 3.921532 3.921321 0.397967 0.186573 0.125686 0.118512 
1413393900.305760 4.028582 4.028238 0.408802 0.218742 0.162725 0.135049 
1413393900.405761 4.028625 4.028276 0.408813 0.218105 0.162835 0.135658 
1413393900.505760 4.052237 4.051852 0.411149 0.221102 0.170669 0.144796 
1413393900.605761 4.052245 4.051865 0.411146 0.221322 0.170647 0.144773 
1413393900.705760 4.092254 4.091848 0.415053 0.223789 0.182941 0.159724 
1413393900.805760 4.092265 4.091859 0.415056 0.223695 0.182948 0.159742 
1413393900.905761 4.092278 4.091872 0.415057 0.223768 0.182951 0.159719 
1413393901.005760 4.092288 4.091884 0.415056 0.224130 0.182952 0.159850 
1413393901.105761 4.096533 4.096145 0.415532 0.224862 0.184250 0.163100 
1413393901.205760 4.096545 4.096157 0.415540 0.224884 0.184266 0.163168 
1413393901.255760 4.096544 4.096157 0.415539 0.224826 0.184290 0.163188 
1413393901.355761 4.096549 4.096160 0.415533 0.224671 0.184247 0.163022 
1413393901.505760 4.096592 4.096203 0.415539 0.224785 0.184237 0.163116 
1413393901.605761 4.097360 4.096972 0.415622 0.224894 0.184434 0.163791 
1413393901.705760 4.098550 4.098169 0.415750 0.225391 0.184729 0.164706 
1413393901.805760 4.098562 4.098182 0.415752 0.225545 0.184712 0.164761 
1413393901.905761 4.100865 4.100490 0.415982 0.226121 0.185309 0.165238 
1413393902.055760 4.100908 4.100534 0.415984 0.226218 0.185261 0.165177 
1413393902.155761 4.199320 4.198913 0.425977 0.230365 0.194406 0.179596 
1413393902.305760 4.199531 4.199125 0.425994 0.230387 0.194444 0.179599 
1413393902.405761 4.199569 4.199163 0.425996 0.230237 0.194507 0.179654 
1413393902.555760 4.199609 4.199203 0.426000 0.230236 0.194548 0.179715 
1413393902.655761 4.199651 4.199243 0.426000 0.229813 0.194545 0.179642 
1413393902.755760 4.199660 4.199253 0.426005 0.230084 0.194595 0.179783 
1413393902.855761 4.205174 4.204780 0.426552 0.230746 0.196093 0.182258 
1413393903.005760 4.205214 4.204818 0.426559 0.230261 0.196155 0.182265 
1413393903.105761 4.205425 4.205031 0.426592 0.230628 0.196186 0.182625 
1413393903.255760 4.205464 4.205070 0.426596 0.230760 0.196216 0.182679 
1413393903.355761 4.205504 4.205111 0.426600 0.230938 0.196229 0.182762 
1413393903.455760 4.211470 4.211091 0.427222 0.231513 0.197839 0.184463 
1413393903.605761 4.221780 4.221425 0.428299 0.232922 0.200466 0.187244 
1413393903.755760 4.221910 4.221554 0.428313 0.232955 0.200505 0.187331 
1413393903.855761 4.244437 4.244110 0.430598 0.236298 0.206185 0.191426 
1413393904.005760 4.282481 4.282197 0.434486 0.243047 0.215275 0.196544 
1413393904.105761 4.349078 4.348853 0.441350 0.255930 0.229904 0.201678 
1413393904.255760 4.349117 4.348892 0.441356 0.255899 0.229918 0.201844 
1413393904.355761 4.349156 4.348931 0.441360 0.255869 0.229932 0.201833 
1413393904.455760 4.349882 4.349658 0.441440 0.256042 0.230096 0.201986 
1413393904.605761 4.351261 4.351035 0.441585 0.255656 0.230401 0.202271 
1413393904.755760 4.354135 4.353912 0.441871 0.255927 0.231007 0.203018 
1413393904.855761 4.354173 4.353950 0.441875 0.255935 0.231022 0.203094 
1413393904.955760 4.354185 4.353961 0.441877 0.255940 0.231021 0.203103 
1413393905.005760 4.354776 4.354553 0.441934 0.255936 0.231177 0.203295 
1413393905.105761 4.358043 4.357816 0.442271 0.256263 0.232117 0.203875 
1413393905.205760 4.358054 4.357827 0.442272 0.256250 0.232125 0.203903 
1413393905.305760 4.367217 4.366978 0.443223 0.257330 0.234851 0.206395 
