1413393890.255760 0.770738 1.471884 
1413393890.355761 1.277838 1.451919 
1413393890.505760 1.470789 1.533820 
1413393890.605761 1.467808 1.538660 
1413393890.755760 1.498056 1.525315 
1413393890.855761 1.496388 1.493899 
1413393891.005760 1.545282 1.665556 
1413393891.105761 1.603832 1.616570 
1413393891.255760 1.643467 1.630986 
1413393891.355761 1.616574 1.620767 
1413393891.505760 1.663613 1.653455 
1413393891.605761 1.548490 1.647255 
1413393891.755760 1.609969 1.675069 
1413393891.855761 1.614704 1.689308 
1413393891.955760 1.607962 1.684138 
1413393892.105761 1.565197 1.663596 
1413393892.255760 1.553149 1.642203 
1413393892.355761 1.550003 1.642799 
1413393892.505760 1.570724 1.636517 
1413393892.605761 1.582465 1.625837 
1413393892.705760 1.588238 1.625983 
1413393892.805760 1.587929 1.626163 
1413393892.905761 1.597078 1.631060 
1413393893.055760 1.632643 1.654909 
1413393893.155761 1.633063 1.655288 
1413393893.305760 1.633551 1.656081 
1413393893.405761 1.637170 1.659659 
1413393893.555760 1.668932 1.663327 
1413393893.655761 1.668576 1.662995 
1413393893.805760 1.666177 1.660677 
1413393893.905761 1.668795 1.663252 
1413393894.055760 1.674566 1.669108 
1413393894.155761 1.678478 1.672766 
1413393894.305760 1.680228 1.674463 
1413393894.405761 1.682732 1.676679 
1413393894.555760 1.679844 1.673482 
1413393894.655761 1.677759 1.671266 
1413393894.805760 1.677612 1.671171 
1413393894.905761 1.676863 1.671086 
1413393895.055760 1.675956 1.670205 
1413393895.155761 1.668926 1.663023 
1413393895.305760 1.669696 1.663797 
1413393895.405761 1.664859 1.658734 
1413393895.555760 1.665885 1.659705 
1413393895.655761 1.666718 1.660715 
1413393895.805760 1.667616 1.661366 
1413393895.905761 1.668108 1.661760 
1413393896.055760 1.670109 1.663727 
1413393896.155761 1.675307 1.669006 
1413393896.305760 1.676267 1.669982 
1413393896.405761 1.679088 1.672780 
1413393896.555760 1.678325 1.671828 
1413393896.655761 1.677682 1.671443 
1413393896.805760 1.678821 1.672465 
1413393896.905761 1.679903 1.673884 
1413393897.055760 1.677580 1.671570 
1413393897.155761 1.676050 1.670017 
1413393897.305760 1.676508 1.670544 
1413393897.405761 1.677385 1.671250 
1413393897.555760 1.676776 1.670918 
1413393897.655761 1.677915 1.672146 
1413393897.805760 1.677176 1.673615 
1413393897.905761 1.674047 1.676660 
1413393898.055760 1.674776 1.687966 
1413393898.155761 1.677176 1.690060 
1413393898.255760 1.679349 1.695803 
1413393898.355761 1.679311 1.695540 
1413393898.455760 1.680352 1.696650 
1413393898.555760 1.680681 1.696144 
1413393898.655761 1.680857 1.693021 
1413393898.755760 1.681424 1.693412 
1413393898.855761 1.684751 1.690005 
1413393899.005760 1.687592 1.678631 
1413393899.105761 1.688360 1.679594 
1413393899.205760 1.689900 1.681314 
1413393899.305760 1.688039 1.676978 
1413393899.405761 1.687738 1.675033 
1413393899.505760 1.687657 1.673995 
1413393899.605761 1.684893 1.668745 
1413393899.755760 1.686000 1.670660 
1413393899.855761 1.678910 1.663797 
1413393899.955760 1.674168 1.657777 
1413393900.055760 1.673947 1.659557 
1413393900.155761 1.675475 1.660392 
1413393900.305760 1.680541 1.672148 
1413393900.405761 1.680828 1.679425 
1413393900.505760 1.670649 1.683629 
1413393900.605761 1.668626 1.679936 
1413393900.705760 1.665073 1.682958 
1413393900.805760 1.665459 1.683740 
1413393900.905761 1.665107 1.683167 
1413393901.005760 1.659872 1.677987 
1413393901.105761 1.669103 1.683553 
1413393901.205760 1.668799 1.683293 
1413393901.255760 1.669217 1.683697 
1413393901.355761 1.671066 1.685136 
1413393901.505760 1.669797 1.683894 
1413393901.605761 1.670146 1.684115 
1413393901.705760 1.665420 1.678259 
1413393901.805760 1.663309 1.676738 
1413393901.905761 1.661983 1.674101 
1413393902.055760 1.661357 1.672950 
1413393902.155761 1.668630 1.680257 
1413393902.305760 1.669357 1.680836 
1413393902.405761 1.670735 1.682425 
1413393902.555760 1.670834 1.682608 
1413393902.655761 1.674315 1.686139 
1413393902.755760 1.670820 1.682940 
1413393902.855761 1.675257 1.685540 
1413393903.005760 1.680339 1.691679 
1413393903.105761 1.674366 1.685894 
1413393903.255760 1.673146 1.684760 
1413393903.355761 1.671067 1.682621 
1413393903.455760 1.674295 1.684517 
1413393903.605761 1.674978 1.682450 
1413393903.755760 1.673760 1.681313 
1413393903.855761 1.673488 1.677399 
1413393904.005760 1.671415 1.669371 
1413393904.105761 1.671232 1.660201 
1413393904.255760 1.669848 1.659199 
1413393904.355761 1.670349 1.659920 
1413393904.455760 1.669486 1.658691 
1413393904.605761 1.673909 1.663923 
1413393904.755760 1.672238 1.661832 
1413393904.855761 1.671272 1.661169 
1413393904.955760 1.670955 1.660810 
1413393905.005760 1.670455 1.660553 
1413393905.105761 1.672791 1.662787 
1413393905.205760 1.672686 1.662842 
1413393905.305760 1.671787 1.663383 
