1496343146.891173 0.132123 0.501507 
1496343146.957839 0.270638 0.443213 
1496343147.024506 0.142604 0.201030 
1496343147.091173 0.094303 0.181040 
1496343147.157840 0.089637 0.278244 
1496343147.224506 1.041877 0.709795 
1496343147.291173 -0.449520 -0.589450 
1496343147.357839 0.892556 0.313191 
1496343147.457839 1.288868 0.227470 
1496343147.524506 1.307299 0.288602 
1496343147.591173 1.953979 -0.521086 
1496343147.691173 1.082039 0.647047 
1496343147.824506 0.341359 1.132200 
1496343147.924506 1.357194 1.072016 
1496343147.991173 2.666282 1.811375 
1496343148.057839 2.738574 1.801250 
1496343148.124506 1.277831 2.919955 
1496343148.191173 1.584020 3.631766 
1496343148.224506 1.629805 5.439886 
1496343148.291173 2.130796 8.666065 
1496343148.357839 2.547059 9.950912 
1496343148.424506 2.566161 9.893326 
1496343148.491173 2.571891 10.839328 
1496343148.591173 2.648126 10.942784 
1496343148.691173 0.710646 7.526122 
1496343148.724506 0.689694 7.573411 
1496343148.857839 0.742365 7.549317 
1496343148.957839 0.602544 7.691544 
1496343149.057839 0.660309 7.491232 
1496343149.157840 0.447767 7.370435 
1496343149.224506 0.449022 7.426733 
1496343149.357839 0.798809 5.962514 
1496343149.457839 1.065207 5.347106 
1496343149.557839 1.173841 5.524452 
1496343149.657840 1.244493 5.506174 
1496343149.757839 1.043438 5.312431 
1496343149.824506 1.033426 5.103869 
1496343149.924506 0.757416 4.985507 
1496343150.057839 0.700932 4.964652 
1496343150.157840 0.786082 5.240495 
1496343150.291173 0.887839 5.526026 
1496343150.391173 0.918900 5.538223 
1496343150.457839 1.000296 5.715775 
1496343150.591173 1.330628 6.089108 
1496343150.691173 1.451522 6.225007 
1496343150.824506 1.442661 6.264462 
1496343150.924506 1.500842 6.303098 
1496343151.057839 1.564166 6.370132 
1496343151.157840 1.608881 6.375214 
1496343151.257839 1.580288 6.302917 
1496343151.324506 1.765979 6.412069 
1496343151.357839 1.879445 6.364282 
1496343151.457839 1.905638 6.280786 
1496343151.591173 1.449034 5.703215 
1496343151.657840 1.447388 5.678716 
1496343151.724506 1.011772 5.449861 
1496343151.857839 0.841619 5.500617 
1496343151.957839 0.844658 5.163717 
1496343152.091173 1.001735 5.117747 
1496343152.191173 1.896854 5.356627 
1496343152.324506 1.890602 5.347488 
1496343152.424506 0.600144 4.019651 
1496343152.557839 1.130973 4.224954 
1496343152.657840 -1.219865 2.003168 
1496343152.791173 -1.174935 2.013510 
1496343152.857839 -1.114496 2.099647 
1496343152.957839 -0.894925 2.530977 
1496343153.091173 -0.436713 4.051110 
1496343153.191173 -0.541777 5.687815 
1496343153.324506 -0.596562 5.686575 
1496343153.424506 -0.648037 5.372242 
1496343153.557839 -0.859466 4.837514 
1496343153.657840 -0.478450 3.522325 
1496343153.791173 -0.481493 3.551141 
1496343153.891173 -0.617658 3.193172 
1496343154.024506 -1.063452 2.572281 
1496343154.124506 -1.307241 2.310808 
1496343154.191173 -1.274768 2.351218 
1496343154.257839 -1.169319 2.415072 
1496343154.357839 -1.186551 2.499112 
1496343154.457839 -1.272744 2.994352 
1496343154.524506 -1.256552 2.987018 
1496343154.624506 -1.414390 3.501417 
1496343154.757839 -1.567075 4.261212 
1496343154.891173 -1.700307 5.941566 
1496343154.957839 -1.679938 5.951434 
1496343155.024506 -1.567166 5.588294 
1496343155.124506 -1.483650 4.835826 
1496343155.257839 -1.407290 4.354845 
1496343155.357839 -1.389294 3.175536 
1496343155.457839 -1.381212 3.157009 
1496343155.591173 -1.418849 2.994003 
1496343155.691173 -1.440931 2.869294 
1496343155.824506 -1.548843 3.073509 
1496343155.891173 -1.884869 3.203547 
1496343155.957839 -1.891075 3.175911 
1496343156.024506 -1.939114 3.230699 
1496343156.124506 -1.923518 3.200000 
1496343156.224506 -1.877998 3.197783 
1496343156.357839 -1.900969 3.192579 
1496343156.457839 -1.915580 3.178551 
1496343156.591173 -1.984586 3.278568 
1496343156.657840 -1.893206 3.240159 
1496343156.724506 -1.808363 3.327198 
1496343156.824506 -1.793387 3.330303 
1496343156.924506 -1.783753 3.349764 
1496343157.024506 -1.955139 3.353299 
1496343157.124506 -1.931259 3.334679 
1496343157.257839 -1.912700 3.324237 
1496343157.391173 -1.914227 3.301766 
1496343157.457839 -1.883513 3.202338 
1496343157.524506 -1.710853 3.116233 
1496343157.591173 -1.704440 3.092361 
1496343157.691173 -1.524688 3.162813 
1496343157.824506 -1.573270 3.120759 
1496343157.924506 -1.574827 3.108080 
1496343158.057839 -1.654339 3.028784 
1496343158.124506 -1.631461 3.053273 
1496343158.191173 -1.667022 2.861841 
1496343158.324506 -1.631763 2.864779 
1496343158.424506 -2.473930 2.111115 
1496343158.557839 -2.494905 1.971565 
1496343158.657840 -2.276009 1.611636 
1496343158.757839 -2.252698 1.616938 
1496343158.824506 -2.105692 1.671516 
1496343158.924506 -1.584282 1.821285 
1496343158.991173 -0.879486 1.984827 
1496343159.057839 -0.855850 2.005588 
1496343159.157840 -0.897300 1.981308 
1496343159.291173 -0.883017 2.020145 
1496343159.391173 -0.881162 2.024375 
1496343159.524506 -0.915982 1.990357 
1496343159.591173 -0.932622 2.006418 
1496343159.657840 -0.945213 1.949683 
1496343159.791173 -1.008327 1.818061 
1496343159.891173 -1.070529 1.694670 
1496343160.024506 -1.250140 1.457199 
1496343160.124506 -1.236270 1.446395 
1496343160.191173 -1.247929 1.447114 
1496343160.291173 -1.081248 1.468088 
1496343160.391173 -0.590652 1.593807 
1496343160.457839 0.288742 1.878372 
1496343160.557839 0.310958 1.886426 
1496343160.657840 0.423924 1.974166 
1496343160.791173 0.683870 2.208138 
1496343160.891173 1.191218 2.532570 
1496343161.024506 1.577134 2.742065 
1496343161.091173 1.566802 2.739562 
1496343161.157840 1.395649 2.549277 
1496343161.291173 1.235330 2.346205 
1496343161.391173 0.868977 1.895395 
1496343161.524506 0.432375 1.301017 
1496343161.624506 0.421730 1.280616 
1496343161.757839 0.457661 1.315783 
1496343161.824506 0.410655 1.259119 
1496343161.891173 0.375469 1.206219 
